477
766
604
24
729
79
925
121
849
584
946
767
347
527
910
436
779
37
130
823
16
972
234
177
368
104
306
259
937
329
372
148
507
781
847
437
888
877
35
178
401
997
998
790
715
447
502
461
15
683
205
167
906
136
663
153
222
550
498
355
904
930
144
267
122
192
702
206
573
918
735
396
93
73
464
765
468
564
784
292
22
429
346
978
774
347
915
68
720
845
766
853
72
651
68
139
776
705
285
562
322
964
951
536
422
415
385
102
239
718
58
208
872
245
467
894
465
870
354
619
820
398
562
744
289
451
298
303
127
924
274
69
248
704
535
862
42
22
686
507
704
474
984
996
154
365
572
559
331
43
150
711
146
74
347
116
172
860
529
862
56
314
471
590
811
523